<?xml version="1.0" encoding="UTF-8" standalone="no"?>
<!-- Created with Inkscape (http://www.inkscape.org/) -->

<svg
   width="793.70081"
   height="1122.5197"
   viewBox="0 0 210 296.99999"
   version="1.1"
   id="svg5"
   sodipodi:docname="a42"
   inkscape:version="1.2 (56b05e47e7, 2022-06-09, custom)"
   xmlns:inkscape="http://www.inkscape.org/namespaces/inkscape"
   xmlns:sodipodi="http://sodipodi.sourceforge.net/DTD/sodipodi-0.dtd"
   xmlns="http://www.w3.org/2000/svg"
   xmlns:svg="http://www.w3.org/2000/svg">
  <sodipodi:namedview
     id="namedview7"
     pagecolor="#ffffff"
     bordercolor="#666666"
     borderopacity="1.0"
     inkscape:showpageshadow="2"
     inkscape:pageopacity="0.0"
     inkscape:pagecheckerboard="0"
     inkscape:deskcolor="#d1d1d1"
     inkscape:document-units="mm"
     showgrid="false"
     inkscape:zoom="0.75722503"
     inkscape:cx="79.236684"
     inkscape:cy="658.32478"
     inkscape:window-width="1452"
     inkscape:window-height="752"
     inkscape:window-x="100"
     inkscape:window-y="102"
     inkscape:window-maximized="0"
     inkscape:current-layer="layer1" />
  <defs
     id="defs2" />
  <g
     inkscape:label="Layer 1"
     inkscape:groupmode="layer"
     id="layer1">
    <path
       style="fill:#333333;stroke-width:0.264583"
       id="path177"
       d="m 43.631916,60.550387 c -0.20727,3.731726 -0.446165,7.582453 -0.506998,11.300743 -0.05382,3.289829 -0.04053,6.580688 -0.0091,9.870808 0.06864,7.180103 0.269272,15.105017 0.662779,22.276342 0.186785,3.40406 0.478044,6.80157 0.717068,10.20236 0.450451,5.08635 0.756428,10.08456 1.655887,15.11186 0.262615,1.46781 0.985287,6.25372 2.950848,7.37013 2.694276,1.53031 7.709125,0.27777 10.187672,-0.0487 11.564131,-2.51635 22.566929,-6.99587 33.977403,-10.05701 1.337191,-0.35873 2.693789,-0.64076 4.040682,-0.96114 1.495901,-0.058 3.802883,-0.51632 5.178433,0.64676 1.73673,1.46845 3.65146,5.82645 4.377,7.51982 1.91657,4.47328 3.83677,10.10364 5.4553,14.64255 2.38156,6.89801 4.86161,13.76213 7.42075,20.59619 0.72469,1.93523 2.1694,5.87688 3.17164,7.92211 0.36478,0.74438 0.83787,1.43062 1.25679,2.14593 0.41101,0.36933 0.68269,1.15782 1.23301,1.108 1.20513,-0.10911 2.28803,-0.85091 3.2975,-1.51817 2.54788,-1.68417 5.05637,-3.45936 7.32549,-5.50369 1.94124,-1.74894 3.55867,-3.82937 5.24711,-5.82346 5.12042,-6.04733 6.09387,-7.70606 10.71543,-14.19655 3.31255,-5.69003 5.99163,-9.87696 8.58392,-15.91873 1.08024,-2.5177 1.97943,-5.1137 2.79482,-7.7292 1.16674,-3.74252 2.44401,-8.99565 2.52614,-13.02095 0.0374,-1.83399 -0.34085,-3.65288 -0.51127,-5.47933 -1.21167,-3.79846 -1.52871,-6.11838 -4.22579,-9.24264 -1.49136,-1.72757 -3.2422,-3.235996 -5.0753,-4.59557 -2.28372,-1.69381 -4.67901,-3.269597 -7.22792,-4.529545 -8.18859,-4.047691 -14.38966,-5.414341 -23.20742,-7.998219 -11.90485,-2.671207 -12.70359,-3.089879 -24.45381,-4.829763 -3.314575,-0.490796 -6.637644,-0.946168 -9.975638,-1.237866 -4.047489,-0.3537 -10.475946,-0.66906 -14.661088,0.262025 -1.847956,0.411123 -3.539001,1.345853 -5.308502,2.018781 -2.492259,1.971929 -5.279576,3.619667 -7.476776,5.91579 -3.503898,3.661653 -5.324615,9.496382 -6.62082,14.120427 -1.519679,5.42125 -2.899021,13.30141 -3.47799,18.90178 -0.317447,3.07068 -0.370946,6.16294 -0.556418,9.2444 -0.109612,6.8021 -0.08654,13.73765 1.587013,20.38638 0.328829,1.30638 0.658746,2.64397 1.310142,3.82314 1.452632,2.6296 2.971017,3.12154 5.40947,4.6236 5.135486,2.21167 10.619298,3.51549 15.74102,5.76103 2.123821,0.93115 4.197792,1.97961 6.227342,3.10148 4.631277,2.56002 6.664179,4.14126 10.90549,7.11276 2.701533,2.0956 4.503639,3.38649 6.949295,5.63832 1.32016,1.21552 3.0902,2.81259 3.51076,4.69343 0.0551,0.24641 -0.0116,0.50486 -0.0175,0.7573 -1.20013,1.46464 1.57513,-0.51019 2.03113,-1.1382 0.287,-0.39527 -0.94097,0.26962 -1.42229,0.35297 -3.30264,0.5719 -6.68635,0.67113 -10.024191,0.86009 -7.580595,0.29546 -15.16821,0.17859 -22.752245,0.16658 -4.155612,-0.0174 -8.310668,0.0585 -12.466198,0.0572 0,0 -3.142679,2.29013 -3.142679,2.29013 v 0 c 4.213151,-0.11884 8.427678,-0.17372 12.642421,-0.19131 7.610161,-0.0376 15.222019,0.0318 22.830026,-0.20074 2.78866,-0.13326 4.549523,-0.19395 7.288484,-0.40987 4.011672,-0.31625 4.411162,-0.3114 8.299182,-2.95992 0.179,-0.12193 0.13052,-0.41302 0.19578,-0.61953 -0.03,-0.28615 -0.004,-0.58392 -0.0901,-0.85846 -0.60245,-1.9214 -2.40147,-3.45236 -3.84455,-4.6991 -2.46475,-2.1294 -4.501737,-3.55512 -7.167223,-5.53747 -1.702141,-1.16623 -3.373226,-2.37914 -5.106427,-3.49869 -3.841803,-2.48159 -7.893753,-4.8996 -12.071027,-6.78386 -2.504765,-1.12983 -8.393996,-3.10653 -11.053415,-4.10554 -1.485025,-0.55784 -2.949962,-1.16776 -4.424942,-1.75165 -2.364695,-1.42105 -3.859049,-1.90665 -5.320827,-4.39277 -0.670396,-1.14017 -1.050515,-2.43609 -1.410546,-3.7088 -1.847165,-6.52974 -1.976374,-13.39482 -1.916171,-20.12276 0.178954,-3.06868 0.222724,-6.14823 0.536863,-9.20603 0.588643,-5.72978 1.932149,-13.35975 3.574828,-18.881381 0.843246,-2.83445 1.778863,-5.664817 3.084605,-8.318156 0.11308,-0.229785 4.470408,-6.694154 5.56972,-8.327067 1.776058,-0.71587 3.467145,-1.69659 5.328174,-2.14761 4.260339,-1.032486 10.773457,-0.835639 14.924079,-0.537228 3.387254,0.243527 6.762382,0.652949 10.126782,1.115131 11.756967,1.615112 12.659917,2.086674 24.523547,4.740418 4.11768,1.243732 8.30591,2.274128 12.35301,3.731196 6.75384,2.431571 11.86701,4.73414 17.45757,9.04185 1.77099,1.364607 3.43469,2.896857 4.87413,4.607577 2.66799,3.17081 2.94202,5.26615 4.18464,9.08792 0.17907,1.7951 0.55768,3.58141 0.53722,5.3853 -0.0452,3.98656 -1.21964,9.13893 -2.35642,12.85687 -0.79451,2.59852 -1.68913,5.17265 -2.75472,7.67226 -2.6804,6.28755 -5.09762,9.94368 -8.57805,15.86213 -4.50676,6.29023 -5.77961,8.37841 -10.83597,14.20693 -1.75516,2.02319 -3.71867,3.85884 -5.47944,5.87715 -1.52174,1.74433 -1.34849,3.15497 -4.23349,3.71741 -0.51439,0.10028 -0.83161,-0.638 -1.24742,-0.957 -0.44593,-0.68135 -0.94882,-1.32866 -1.3378,-2.04405 -1.11871,-2.05746 -2.60334,-5.76561 -3.40765,-7.76634 -2.717,-6.75861 -5.24746,-13.59186 -7.60425,-20.48431 -0.69881,-2.03066 -4.28101,-12.52931 -5.18589,-14.83041 -0.6504,-1.65397 -2.61308,-6.43654 -4.27254,-7.91969 -1.42351,-1.27227 -3.89729,-0.77055 -5.46026,-0.70508 -1.385071,0.34237 -2.78019,0.6464 -4.155225,1.02711 -11.391656,3.15402 -22.390562,7.67138 -33.979855,10.12577 -2.081424,0.27509 -7.324584,1.47475 -9.746366,0.21308 -2.005639,-1.04489 -2.863238,-5.56383 -3.181397,-7.0555 -1.093288,-5.12581 -1.41772,-9.65183 -1.984608,-14.91307 -0.26633,-3.38307 -0.59899,-6.76157 -0.798991,-10.1492 -0.425363,-7.204876 -0.612201,-15.104371 -0.543534,-22.319215 0.05567,-5.849254 0.259567,-11.299576 0.811392,-17.081518 0.142127,-1.489173 0.386017,-2.966871 0.579025,-4.450305 0,0 -3.499797,1.693045 -3.499797,1.693045 z" />
    <path
       style="fill:#333333;stroke-width:0.264583"
       id="path179"
       d="m 16.985688,14.928668 c 1.844015,-0.608894 4.067544,-1.39088 5.934147,-1.760359 5.411483,-1.07116 10.920426,-1.24156 16.382942,-0.456586 1.97209,0.283393 3.905242,0.791766 5.857864,1.187649 1.826205,0.5657 3.691697,1.017414 5.478613,1.697101 8.887021,3.380346 16.377716,9.30494 23.729691,15.164641 3.575465,2.547525 7.211293,6.392471 11.975248,6.327481 2.280205,-0.03111 3.450468,-0.875411 5.536337,-1.824503 5.853327,-3.250983 11.98162,-6.160979 18.44161,-8.002389 4.74872,-1.353617 6.91532,-1.551092 11.78243,-2.329575 11.19633,-1.336302 22.48747,-1.562625 33.75002,-1.386805 7.01528,0.135063 13.90038,1.467571 20.69165,3.121936 1.3709,0.3288 3.06717,0.894535 4.41801,0.122626 4.07063,-2.326073 3.13286,-1.409774 4.817,-3.347312 1.50476,-2.132144 2.41574,-4.584805 3.36283,-6.995088 0.54904,-1.409626 0.28515,-0.736223 0.79095,-2.020481 0,0 -3.53411,1.639975 -3.53411,1.639975 v 0 c -0.47941,1.273377 -0.22678,0.605791 -0.75859,2.002493 -0.93954,2.387226 -1.86009,4.82704 -3.44592,6.875428 -1.38365,1.418864 -1.12368,0.99334 1.83544,-0.574028 0.25647,-0.135849 -0.50578,0.294424 -0.78258,0.38167 -1.18713,0.374168 -2.43079,0.03107 -3.5922,-0.238888 -6.9092,-1.523164 -13.88438,-2.85505 -20.98287,-3.01117 -11.30819,-0.124618 -22.63719,0.117944 -33.88293,1.412596 -4.65729,0.726317 -7.22981,0.987202 -11.77593,2.252853 -1.77906,0.495293 -3.52118,1.119083 -5.25365,1.758548 -4.49746,1.660041 -8.875673,3.667207 -13.026875,6.066854 -1.913794,0.918607 -3.21836,1.821749 -5.352608,1.941888 C 84.618236,35.203397 80.890405,31.414479 77.300618,28.91664 69.859876,23.119643 62.344305,17.108967 53.439136,13.68807 51.641567,12.997538 49.760507,12.547866 47.921193,11.977765 45.961461,11.571684 44.020655,11.060123 42.041997,10.759524 36.620518,9.9358896 31.194115,10.007752 25.794504,10.964158 c -1.683977,0.298275 -4.053503,1.067998 -5.762859,1.593185 0,0 -3.045957,2.371325 -3.045957,2.371325 z" />
    <path
       style="fill:#333333;stroke-width:0.264583"
       id="path181"
       d="m 17.253161,264.39566 c 2.037733,2.97275 3.814605,6.11293 5.694868,9.18472 0.855707,1.39798 1.645229,2.84057 2.591781,4.1787 1.159188,1.63875 2.477334,3.15902 3.716002,4.73853 3.259937,3.33192 5.787033,6.27488 9.735357,8.85589 1.903719,1.24444 3.94639,2.29113 6.05191,3.15111 2.060398,0.84159 4.196141,1.56541 6.391492,1.93135 5.72399,0.95409 8.892114,0.10367 14.579766,-0.63653 10.189583,-2.59932 4.925298,-1.10162 15.459826,-4.45686 2.692514,-0.85756 5.350039,-1.83438 8.07833,-2.57024 2.792995,-0.75329 5.619374,-1.39753 8.469445,-1.89288 7.340922,-1.27593 9.064742,-1.04873 16.397342,-1.21796 7.03119,0.68265 9.47897,0.65678 16.3265,2.35771 5.93499,1.47428 11.06333,3.45048 16.79849,5.51846 11.61133,4.18685 3.73436,1.42254 14.54227,5.16348 6.048,2.11386 12.3917,3.48549 18.7912,2.36458 2.61419,-0.45791 4.12585,-1.08527 6.60675,-1.93971 2.90985,-1.10115 5.7003,-2.49024 8.38377,-4.06003 2.48272,-1.45238 4.89636,-2.70452 7.09165,-4.50284 0.47163,-0.38635 0.89865,-0.82415 1.34797,-1.23624 0,0 -3.52552,1.43999 -3.52552,1.43999 v 0 c -0.44221,0.39558 -0.864,0.81529 -1.32664,1.18677 -0.55643,0.44682 -1.24829,0.73599 -1.72696,1.26526 -0.24831,0.27453 1.31991,-0.6662 1.0067,-0.46887 -2.63754,1.66164 -5.50255,2.95542 -8.37824,4.13711 -3.53522,1.25962 -6.5729,2.33285 -10.39006,2.5237 -5.20772,0.26037 -10.29044,-0.90887 -15.20515,-2.52296 -9.38159,-3.11687 -4.74873,-1.52128 -14.67408,-5.06789 -5.06418,-1.80959 -11.55699,-4.26857 -16.77426,-5.59236 -6.5289,-1.65658 -9.65983,-1.72966 -16.35564,-2.41959 -7.40441,0.16896 -9.07319,-0.0581 -16.48567,1.20814 -2.849014,0.48665 -5.677299,1.1112 -8.469463,1.85788 -2.727719,0.72945 -5.381635,1.71119 -8.072749,2.56585 -10.347717,3.28634 -5.315503,1.84187 -15.345024,4.4395 -5.642388,0.75993 -8.750464,1.61303 -14.431796,0.6991 -2.184579,-0.35142 -4.315896,-1.04587 -6.368605,-1.87187 -2.089322,-0.84071 -4.113686,-1.87566 -6.000451,-3.10539 -4.030342,-2.62681 -6.341012,-5.40541 -9.638572,-8.82354 -1.199285,-1.58821 -2.477506,-3.1198 -3.597855,-4.76466 -0.920966,-1.35216 -1.69719,-2.79766 -2.517212,-4.21328 -1.804972,-3.11597 -3.506024,-6.29362 -5.363097,-9.38016 0,0 -3.414375,1.97603 -3.414375,1.97603 z" />
    <path
       style="fill:#333333;stroke-width:0.264583"
       id="path237"
       d="m 71.04975,101.24275 c 1.299567,-2.849171 3.101895,-5.433332 4.929079,-7.962653 1.503658,-1.993258 2.957586,-4.093864 5.054544,-5.506199 1.800397,-1.032711 -1.112343,0.635786 -2.255044,1.329446 -0.172003,0.10441 0.358778,-0.182311 0.539626,-0.270518 0.672759,-0.328136 1.356974,-0.613793 2.052965,-0.888539 2.077374,-0.873228 4.225793,-1.527167 6.408976,-2.072923 1.918618,-0.431644 3.852098,-0.799642 5.81723,-0.914839 1.346649,-0.10364 2.571183,0.38713 3.745052,0.987062 1.154896,0.628004 1.977866,1.675934 2.784322,2.685288 0,0 3.31621,-1.986502 3.31621,-1.986502 v 0 c -0.85705,-1.027846 -1.693,-2.143242 -2.87267,-2.817027 -1.209067,-0.627671 -2.483748,-1.219658 -3.879607,-1.143624 -2.01463,0.114686 -3.989433,0.494154 -5.957142,0.934625 -2.164389,0.508468 -4.298235,1.114766 -6.354648,1.970108 -2.449055,0.907293 -4.760794,2.121112 -6.924887,3.602919 -1.938795,1.493554 -3.295036,3.556627 -4.736711,5.504751 -1.881129,2.646291 -3.700695,5.340135 -5.270362,8.185775 0,0 3.603067,-1.63715 3.603067,-1.63715 z" />
    <path
       style="fill:#333333;stroke-width:0.264583"
       id="path241"
       d="m 137.14034,156.1595 c 2.47666,-4.5275 5.77363,-8.52571 9.11091,-12.43445 1.57097,-1.81281 3.16589,-3.60457 4.75168,-5.40436 0,0 -3.29967,1.39522 -3.29967,1.39522 v 0 c -1.49829,1.77411 -3.00834,3.53809 -4.51328,5.30657 -3.41643,4.05101 -6.76216,8.17768 -9.55454,12.69417 0,0 3.5049,-1.55715 3.5049,-1.55715 z" />
  </g>
</svg>
