<?xml version="1.0" encoding="UTF-8" standalone="no"?>
<!-- Created with Inkscape (http://www.inkscape.org/) -->

<svg
   width="55mm"
   height="85mm"
   viewBox="0 0 55 85"
   version="1.1"
   id="svg5"
   inkscape:version="1.2 (56b05e47e7, 2022-06-09, custom)"
   sodipodi:docname="video_quality"
   xmlns:inkscape="http://www.inkscape.org/namespaces/inkscape"
   xmlns:sodipodi="http://sodipodi.sourceforge.net/DTD/sodipodi-0.dtd"
   xmlns="http://www.w3.org/2000/svg"
   xmlns:svg="http://www.w3.org/2000/svg">
  <sodipodi:namedview
     id="namedview7"
     pagecolor="#ffffff"
     bordercolor="#666666"
     borderopacity="1.0"
     inkscape:showpageshadow="2"
     inkscape:pageopacity="0.0"
     inkscape:pagecheckerboard="0"
     inkscape:deskcolor="#d1d1d1"
     inkscape:document-units="mm"
     showgrid="false"
     inkscape:zoom="0.75722503"
     inkscape:cx="170.35887"
     inkscape:cy="309.68337"
     inkscape:window-width="1846"
     inkscape:window-height="1016"
     inkscape:window-x="74"
     inkscape:window-y="27"
     inkscape:window-maximized="1"
     inkscape:current-layer="layer1" />
  <defs
     id="defs2" />
  <g
     inkscape:label="Layer 1"
     inkscape:groupmode="layer"
     id="layer1">
    <path
       style="fill:#333333;fill-opacity:0.0808762;stroke:#000000;stroke-width:2"
       id="path2264"
       d="m 2.7448774,74.539831 c 9.4273406,0.05198 18.8552096,0.184283 28.2805396,0.398624 6.961658,0.209442 13.925052,0.361611 20.889084,0.46473 0.750851,-0.0016 1.502058,0.03112 2.252975,0.02254 0,0 3.215777,-2.363275 3.215777,-2.363275 v 0 c -0.794438,0.07637 -1.594376,0.07131 -2.39109,0.103005 -7.138225,0.150278 -14.279789,0.100664 -21.417234,-0.07052 -9.225989,-0.208621 -18.455937,-0.36572 -27.67268,-0.849077 0,0 -3.1573716,2.293967 -3.1573716,2.293967 z" />
    <path
       style="fill:#333333;fill-opacity:0.0808762;stroke:#000000;stroke-width:2"
       id="path2266"
       d="m 2.8443764,6.6278365 c 9.2723896,0.039079 18.5364446,0.5307909 27.7981326,0.9357781 8.168725,0.4277055 16.352496,0.7805337 24.491887,1.6247419 0.96557,0.101251 1.913445,0.2815217 2.841884,0.5589553 0,0 3.234663,-2.2159261 3.234663,-2.2159261 v 0 C 60.2137,7.2610775 59.198512,7.1014203 58.165909,7.0262678 49.866547,6.419529 41.544295,6.1447449 33.235762,5.6977835 24.141465,5.2528117 15.04829,4.7826495 5.9520811,4.3848096 c 0,0 -3.1077047,2.2430269 -3.1077047,2.2430269 z" />
    <path
       style="fill:#333333;fill-opacity:0.0808762;stroke:#000000;stroke-width:2"
       id="path2268"
       d="m 2.9963816,60.751791 c 1.1513825,0.04926 2.230289,0.42138 3.2184588,0.99569 0.6135529,0.374478 0.9062921,0.639056 1.0406774,1.342782 0.1286595,1.273336 -0.051599,2.543032 -0.2655993,3.795649 -0.1773049,0.78282 -0.3183842,1.569646 -0.4440356,2.361819 -0.050941,0.309149 -0.097835,0.618498 -0.1550956,0.926544 0,0 3.5601259,-1.73818 3.5601259,-1.73818 v 0 c 0.04919,-0.310153 0.096629,-0.620575 0.1470818,-0.930529 0.116911,-0.785477 0.280078,-1.561812 0.414925,-2.344322 0.197314,-1.300134 0.345752,-2.617925 0.223881,-3.933672 -0.174786,-0.818639 -0.500362,-1.187627 -1.2217299,-1.619787 -1.0195279,-0.604731 -2.1175813,-1.029425 -3.304297,-1.163449 0,0 -3.2143925,2.307455 -3.2143925,2.307455 z" />
    <path
       style="fill:#333333;fill-opacity:0.0808762;stroke:#000000;stroke-width:2"
       id="path2270"
       d="m 14.367133,58.48337 c 0.110112,1.266624 0.115212,2.540563 0.224616,3.806735 0.0504,0.598836 0.162207,1.151667 0.702841,1.47108 0.687896,0.22333 1.428019,0.01924 2.120712,-0.09294 0.914212,-0.199024 1.833792,-0.371625 2.750359,-0.559085 1.963937,-0.47579 3.952173,-1.41609 5.329649,-2.912171 0.08384,-0.113583 0.170724,-0.224981 0.251521,-0.340746 0.141437,-0.202653 0.28599,-0.432922 0.404952,-0.650661 0.0471,-0.08621 0.220809,-0.305784 0.13218,-0.263411 -3.850064,1.840772 -3.377122,0.660032 -3.896312,2.569694 -0.68984,2.051619 -0.981701,4.206523 -1.221379,6.349267 -0.137272,1.322922 -0.173739,2.651583 -0.159264,3.980444 0,0 3.500475,-1.794428 3.500475,-1.794428 v 0 c -0.05023,-1.29862 -0.02769,-2.59856 0.104354,-3.892616 0.248807,-2.140122 0.563737,-4.287046 1.320677,-6.3163 0.594074,-1.693404 0.464943,-0.860663 -3.262676,0.728208 -0.102284,0.0436 -0.625498,1.087136 -0.824622,1.134583 -1.194182,1.015357 -0.378505,0.289968 2.784238,-1.490143 0.09949,-0.056 -0.192484,0.123862 -0.295249,0.173595 -0.132741,0.06424 -0.518281,0.189953 -0.650304,0.230431 -0.125816,0.03858 -0.252978,0.07261 -0.379467,0.108919 -0.909323,0.211899 -1.835804,0.344839 -2.741503,0.575169 -0.646587,0.116221 -1.307083,0.257448 -1.964938,0.250259 -0.481306,-0.0555 -0.44622,-0.712465 -0.517467,-1.077209 -0.123152,-1.262813 -0.171608,-2.533348 -0.197158,-3.80148 0,0 -3.516235,1.812809 -3.516235,1.812809 z" />
    <path
       style="fill:#333333;fill-opacity:0.0808762;stroke:#000000;stroke-width:2"
       id="path2270-7"
       d="m 22.126339,36.736639 c 0.110112,1.266624 0.115212,2.540563 0.224616,3.806735 0.0504,0.598836 0.162207,1.151667 0.702841,1.47108 0.687896,0.22333 1.428019,0.01924 2.120712,-0.09294 0.914212,-0.199024 1.833792,-0.371625 2.750359,-0.559085 1.963937,-0.47579 3.952173,-1.41609 5.329649,-2.912171 0.08384,-0.113583 0.170724,-0.224981 0.251521,-0.340746 0.141437,-0.202653 0.28599,-0.432922 0.404952,-0.650661 0.0471,-0.08621 0.220809,-0.305784 0.13218,-0.263411 -3.850064,1.840772 -3.377122,0.660032 -3.896312,2.569694 -0.68984,2.051619 -0.981701,4.206523 -1.221379,6.349267 -0.137272,1.322922 -0.173739,2.651583 -0.159264,3.980444 0,0 3.500475,-1.794428 3.500475,-1.794428 v 0 c -0.05023,-1.29862 -0.02769,-2.59856 0.104354,-3.892616 0.248807,-2.140122 0.563737,-4.287046 1.320677,-6.3163 0.594074,-1.693404 0.464943,-0.860663 -3.262676,0.728208 -0.102284,0.0436 -0.625498,1.087136 -0.824622,1.134583 -1.194182,1.015357 -0.378505,0.289968 2.784238,-1.490143 0.09949,-0.056 -0.192484,0.123862 -0.295249,0.173595 -0.132741,0.06424 -0.518281,0.189953 -0.650304,0.230431 -0.125816,0.03858 -0.252978,0.07261 -0.379467,0.108919 -0.909323,0.211899 -1.835804,0.344839 -2.741503,0.575169 -0.646587,0.116221 -1.307083,0.257448 -1.964938,0.250259 -0.481306,-0.0555 -0.44622,-0.712465 -0.517467,-1.077209 -0.123152,-1.262813 -0.171608,-2.533348 -0.197158,-3.80148 0,0 -3.516235,1.812809 -3.516235,1.812809 z" />
    <path
       style="fill:#333333;fill-opacity:0.0808762;stroke:#000000;stroke-width:2"
       id="path2270-5"
       d="m 38.083349,36.742311 c 0.110112,1.266624 0.115212,2.540563 0.224616,3.806735 0.0504,0.598836 0.162207,1.151667 0.702841,1.47108 0.687896,0.22333 1.428019,0.01924 2.120712,-0.09294 0.914212,-0.199024 1.833792,-0.371625 2.750359,-0.559085 1.963937,-0.47579 3.952173,-1.41609 5.329649,-2.912171 0.08384,-0.113583 0.170724,-0.224981 0.251521,-0.340746 0.141437,-0.202653 0.28599,-0.432922 0.404952,-0.650661 0.0471,-0.08621 0.220809,-0.305784 0.13218,-0.263411 -3.850064,1.840772 -3.377122,0.660032 -3.896312,2.569694 -0.68984,2.051619 -0.981701,4.206523 -1.221379,6.349267 -0.137272,1.322922 -0.173739,2.651583 -0.159264,3.980444 0,0 3.500475,-1.794428 3.500475,-1.794428 v 0 c -0.05023,-1.29862 -0.02769,-2.59856 0.104354,-3.892616 0.248807,-2.140122 0.563737,-4.287046 1.320677,-6.3163 0.594074,-1.693404 0.464943,-0.860663 -3.262676,0.728208 -0.102284,0.0436 -0.625498,1.087136 -0.824622,1.134583 -1.194182,1.015357 -0.378505,0.289968 2.784238,-1.490143 0.09949,-0.056 -0.192484,0.123862 -0.295249,0.173595 -0.132741,0.06424 -0.518281,0.189953 -0.650304,0.230431 -0.125816,0.03858 -0.252978,0.07261 -0.379467,0.108919 -0.909323,0.211899 -1.835804,0.344839 -2.741503,0.575169 -0.646587,0.116221 -1.307083,0.257448 -1.964938,0.250259 -0.481306,-0.0555 -0.44622,-0.712465 -0.517467,-1.077209 -0.123152,-1.262813 -0.171608,-2.533348 -0.197158,-3.80148 0,0 -3.516235,1.812809 -3.516235,1.812809 z" />
    <path
       style="fill:#333333;fill-opacity:0.0808762;stroke:#000000;stroke-width:2"
       id="path2270-6"
       d="m 31.195028,59.262864 c 0.110112,1.266624 0.115212,2.540563 0.224616,3.806735 0.0504,0.598836 0.162207,1.151667 0.702841,1.47108 0.687896,0.22333 1.428019,0.01924 2.120712,-0.09294 0.914212,-0.199024 1.833792,-0.371625 2.750359,-0.559085 1.963937,-0.47579 3.952173,-1.41609 5.329649,-2.912171 0.08384,-0.113583 0.170724,-0.224981 0.251521,-0.340746 0.141437,-0.202653 0.28599,-0.432922 0.404952,-0.650661 0.0471,-0.08621 0.220809,-0.305784 0.13218,-0.263411 -3.850064,1.840772 -3.377122,0.660032 -3.896312,2.569694 -0.68984,2.051619 -0.981701,4.206523 -1.221379,6.349267 -0.137272,1.322922 -0.173739,2.651583 -0.159264,3.980444 0,0 3.500475,-1.794428 3.500475,-1.794428 v 0 c -0.05023,-1.29862 -0.02769,-2.59856 0.104354,-3.892616 0.248807,-2.140122 0.563737,-4.287046 1.320677,-6.3163 0.594074,-1.693404 0.464943,-0.860663 -3.262676,0.728208 -0.102284,0.0436 -0.625498,1.087136 -0.824622,1.134583 -1.194182,1.015357 -0.378505,0.289968 2.784238,-1.490143 0.09949,-0.056 -0.192484,0.123862 -0.295249,0.173595 -0.132741,0.06424 -0.518281,0.189953 -0.650304,0.230431 -0.125816,0.03858 -0.252978,0.07261 -0.379467,0.108919 -0.909323,0.211899 -1.835804,0.344839 -2.741503,0.575169 -0.646587,0.116221 -1.307083,0.257448 -1.964938,0.250259 -0.481306,-0.0555 -0.44622,-0.712465 -0.517467,-1.077209 -0.123152,-1.262813 -0.171608,-2.533348 -0.197158,-3.80148 0,0 -3.516235,1.812809 -3.516235,1.812809 z" />
    <path
       style="fill:#333333;fill-opacity:0.0808762;stroke:#000000;stroke-width:2"
       id="path3202"
       d="m 2.0413045,40.577518 c 1.5475821,-0.6898 3.1065005,-1.35129 4.6429798,-2.066404 1.9474608,-0.928536 3.7782257,-2.091674 5.6475767,-3.158807 0.996959,-0.569119 -1.988616,1.147508 -2.979493,1.727155 -0.1002334,0.05863 0.2049039,-0.109334 0.3073559,-0.163999 0.5099801,-0.273037 1.0442061,-0.440563 1.6201131,-0.477285 1.136327,0.108537 2.045141,0.837549 2.806538,1.634387 0.751137,1.079804 0.676686,2.362144 0.540828,3.608615 -0.128479,1.791316 -1.012101,3.048989 -2.101308,4.406291 -1.722584,1.900992 -3.7547629,3.460023 -5.912704,4.829292 -2.6570918,1.559597 1.2923078,-0.75641 1.5746002,-0.941621 0.2274065,-0.149201 -0.4923988,0.231815 -0.7444562,0.334 -0.5351103,0.216932 -1.0871878,0.365884 -1.6449405,0.508788 -0.9913353,0.788683 -2.0699841,1.478629 -2.9740061,2.366047 -0.1734777,0.170291 0.4753552,-0.102259 0.7141604,-0.147709 0.3464544,-0.06594 0.6929771,-0.132262 1.0414662,-0.186428 1.44889,-0.225203 2.9046728,-0.364498 4.3647809,-0.489492 2.3510001,-0.20383 4.7021851,-0.04055 7.0410231,0.209047 0,0 3.175506,-2.25992 3.175506,-2.25992 v 0 c -2.383043,-0.214902 -4.77484,-0.396335 -7.167393,-0.201597 -1.446301,0.105924 -2.8880136,0.237326 -4.3268466,0.421564 -0.338165,0.0433 -0.675106,0.09594 -1.0117299,0.149929 -0.2180494,0.03497 -0.4658711,-0.0019 -0.6521082,0.116929 -1.1590091,0.738569 -2.2234667,1.615962 -3.3352001,2.423944 0.5759667,-0.161462 1.1612356,-0.290867 1.7236482,-0.498269 2.0774609,-0.766112 3.902951,-2.074683 5.7999066,-3.199418 2.149016,-1.413669 4.180019,-3.009686 5.880038,-4.95377 1.129851,-1.469999 1.927734,-2.730151 2.053956,-4.62688 0.121954,-1.365361 0.127598,-2.739059 -0.688654,-3.911626 -0.813938,-0.855271 -1.770937,-1.645262 -2.952021,-1.900307 -0.618937,-0.08442 -1.173806,0.05882 -1.742039,0.311828 -1.650186,0.831879 0.232525,-0.124564 -4.0791998,2.319988 -0.9703038,0.550119 1.9313738,-1.116375 2.8990028,-1.671185 0.178714,-0.102471 -0.353134,0.212336 -0.532227,0.314145 -0.60334,0.342977 -0.671164,0.366802 -1.3040232,0.685451 -1.5149509,0.715737 -3.045139,1.393401 -4.5942299,2.031587 0,0 -3.0909004,2.45573 -3.0909004,2.45573 z" />
    <path
       style="fill:none;stroke:#000000;stroke-width:0.264583px;stroke-linecap:butt;stroke-linejoin:miter;stroke-opacity:1"
       d="m 23.691201,81.454952 c -2.686999,-2.21901 -2.686999,-2.21901 -2.686999,-2.21901 l 2.778915,-2.266484 3.47825,2.119545 3.591261,-1.674593 2.47962,2.849528 -3.282154,1.517481 4.452377,0.639429 -2.92884,3.688826 -3.034215,-1.928225 -0.732539,4.905584 -2.814403,-1.071033 1.352307,-3.225512 -3.197404,0.71243 -2.646115,-3.201818 z"
       id="path4024" />
    <circle
       style="fill:#333333;fill-opacity:0.0808762;stroke:#000000;stroke-width:2"
       id="path4082"
       cx="14.950757"
       cy="21.786688"
       r="1.7355745" />
    <circle
       style="fill:#333333;fill-opacity:0.0808762;stroke:#000000;stroke-width:2"
       id="path4082-3"
       cx="22.258793"
       cy="22.174551"
       r="1.7355745" />
    <circle
       style="fill:#333333;fill-opacity:0.0808762;stroke:#000000;stroke-width:2"
       id="path4082-5"
       cx="29.360291"
       cy="21.969542"
       r="1.7355745" />
  </g>
</svg>
